9

20
Marylin
Guillermo
Reyes
Felix 
Humberto
Crystal
Darla
Shaun
Tiffany
Jonathan
Julia 
Yi
Nora
Lance
Scott
Ruth
Tory
Daryl
Kate
Richard
7 6 3 1 11 8 5 20 18 17 9 12 14 4 15 19 10 2 16 13 
18 7 17 13 12 5 6 20 4 8 10 3 14 9 16 15 2 19 11 1 
1 10 19 2 11 8 14 17 6 12 5 20 18 13 15 4 16 7 9 3 
2 14 5 10 7 3 4 17 12 20 15 19 13 9 6 1 8 16 11 18 
12 5 18 7 6 13 17 11 20 1 3 19 9 16 4 10 14 2 8 15 
14 8 19 15 5 18 9 20 7 2 13 3 12 4 6 1 11 17 16 10 
9 19 16 6 4 11 13 7 2 1 18 12 8 5 3 15 17 14 20 10 
18 10 5 11 7 14 4 19 6 3 2 20 1 13 15 8 9 17 12 16 
9 10 4 15 13 3 20 6 12 17 7 8 5 18 11 2 19 16 14 1 
12 14 15 4 7 11 5 17 18 3 10 2 8 13 20 9 1 19 6 16 
18 5 20 15 17 9 8 13 3 7 1 16 6 10 11 12 19 14 2 4 
18 12 19 11 10 13 16 7 9 4 2 17 3 6 8 15 1 5 14 20 
18 20 6 17 3 10 9 5 4 14 19 2 12 11 7 15 16 13 8 1 
19 1 15 13 20 2 12 17 7 3 4 9 14 18 16 5 11 8 6 10 
2 9 11 1 6 14 15 3 5 17 13 8 20 18 19 16 7 4 10 12 
4 18 9 3 7 8 20 11 16 19 6 1 5 17 14 2 10 13 15 12 
2 15 16 8 10 7 11 1 5 6 17 14 9 19 13 3 4 12 20 18 
1 20 9 15 18 4 12 3 10 17 16 14 8 11 13 7 2 19 6 5 
4 17 6 20 9 10 14 15 12 13 5 16 2 8 19 7 18 11 3 1 
3 8 4 18 9 12 14 17 5 16 1 7 11 13 6 10 20 2 15 19 
3 6 14 8 15 17 11 18 2 4 5 9 16 10 1 12 20 13 7 19 
3 14 20 2 10 5 17 4 7 19 13 1 16 12 15 11 9 18 6 8 
5 7 20 2 12 6 15 18 16 10 11 14 13 1 8 19 17 9 3 4 
16 12 1 10 15 18 4 9 11 17 2 7 14 6 13 5 20 8 3 19 
5 9 3 12 8 19 17 15 11 2 1 14 10 13 7 18 6 20 4 16 
2 10 16 14 17 8 6 18 9 5 20 11 15 7 4 12 19 13 1 3 
9 14 7 11 6 5 18 8 3 13 20 2 19 12 10 1 4 16 15 17 
9 6 7 1 8 3 12 19 18 4 20 11 2 14 5 10 15 17 13 16 
8 19 7 2 11 16 20 18 17 12 9 10 4 5 14 3 15 13 6 1 
16 9 17 12 13 15 18 19 5 7 11 20 14 3 4 1 6 2 10 8 
11 12 7 17 13 20 16 10 2 3 14 6 1 19 8 18 9 4 15 5 
5 12 20 9 6 11 13 4 3 18 17 16 2 8 10 14 7 19 1 15 
8 9 13 12 20 15 11 16 1 7 19 10 6 2 4 5 3 14 17 18 
4 14 17 3 8 2 6 19 13 11 12 1 16 9 7 18 15 5 20 10 
7 4 2 16 15 5 11 8 10 9 19 12 6 3 18 1 14 20 17 13 
14 12 15 3 4 16 9 6 20 8 2 7 10 11 17 5 1 13 18 19 
5 9 12 8 20 4 6 15 3 18 11 7 16 19 17 2 14 10 13 1 
6 17 5 11 1 10 15 4 13 18 19 20 9 2 8 16 14 3 12 7 
4 16 1 6 3 2 14 11 19 18 10 13 7 5 17 12 9 8 20 15 
3 9 13 5 16 18 6 20 1 15 7 4 14 11 2 12 19 10 8 17 
11 17 7 18 9 5 8 20 16 14 2 10 19 4 1 13 12 15 6 3 
3 1 12 10 11 9 5 14 7 20 17 19 16 8 6 18 15 13 4 2 
11 3 2 6 15 1 12 5 9 10 8 4 14 17 18 20 7 16 13 19 
15 11 16 13 4 17 18 12 7 20 10 3 8 6 5 9 1 19 2 14 
18 11 9 4 5 15 2 19 16 10 1 20 13 7 6 17 3 8 12 14 
4 19 8 13 2 12 9 10 18 14 15 7 3 5 20 1 11 6 17 16 
15 14 3 18 9 20 10 19 17 5 2 12 16 1 4 8 7 13 6 11 
7 14 5 6 9 8 11 2 17 10 1 4 15 12 19 18 20 3 13 16 
18 4 20 9 19 11 13 6 15 5 8 2 17 16 12 7 1 14 10 3 
15 12 2 6 5 7 4 9 11 18 1 19 3 17 14 8 10 16 20 13 

20
Marylin
Guillermo 
Reyes
Felix 
Humberto
Crystal
Darla
Shaun
Tiffany
Jonathan
Julia 
Yi
Nora
Lance
Scott
Ruth
Tory
Daryl
Kate
Richard
9 1 5 7 19 2 18 11 14 4 15 3 6 10 16 8 20 12 13 17 
3 1 6 17 5 13 4 15 18 9 10 12 16 11 7 2 20 8 19 14 
4 3 15 8 13 20 18 9 6 10 14 19 7 1 12 16 5 17 2 11 
6 3 15 13 1 14 18 9 17 10 20 5 8 12 2 11 4 7 16 19 
18 12 2 14 1 19 4 5 16 17 8 20 9 13 7 3 11 15 6 10 
17 3 15 1 20 10 18 12 7 4 9 2 13 16 11 8 14 5 19 6 
20 6 5 15 9 13 14 19 3 8 7 12 11 18 1 2 10 4 16 17 
1 2 14 17 6 12 16 18 11 5 15 10 3 13 9 19 7 20 4 8 
3 11 17 18 4 16 2 1 19 7 6 15 12 14 5 13 20 8 9 10 
19 6 18 10 15 13 3 5 9 14 11 8 12 2 20 1 7 4 16 17 
7 11 19 12 17 5 4 2 14 1 16 10 18 8 13 6 9 3 20 15 
1 16 6 9 2 7 17 12 13 5 14 11 3 8 18 15 10 4 19 20 
15 2 4 5 14 8 12 3 13 1 7 16 19 17 11 18 10 9 20 6 
7 12 16 14 4 1 18 15 9 2 3 11 5 8 10 17 20 19 13 6 
14 5 2 12 18 4 7 11 3 9 13 20 6 8 10 15 16 1 17 19 
2 5 14 1 19 11 7 18 15 12 10 4 3 6 8 13 16 20 9 17 
14 12 20 18 8 9 16 6 17 3 5 15 19 13 4 2 7 11 1 10 
16 19 7 17 11 5 18 3 2 14 20 12 9 6 10 4 13 15 1 8 
17 3 19 8 16 14 18 13 11 10 7 1 4 5 9 6 15 2 20 12 
12 11 4 2 15 19 14 13 5 17 9 1 18 7 16 8 3 6 20 10 
13 4 5 9 6 20 17 16 19 3 10 1 12 11 14 15 2 7 8 18 
8 12 9 2 10 1 16 3 7 6 14 15 17 11 19 4 5 20 18 13 
13 1 20 3 12 4 18 9 6 2 5 11 10 15 17 8 14 16 7 19 
18 1 2 5 13 11 8 9 14 17 16 7 12 4 20 10 15 3 6 19 
18 8 14 3 11 7 9 12 5 1 20 10 16 17 6 15 2 19 4 13 
15 20 4 9 1 7 13 5 14 12 3 16 17 19 8 18 6 10 11 2 
4 8 14 6 1 15 16 18 12 17 7 20 3 11 5 13 2 9 19 10 
19 4 13 7 12 8 9 6 14 18 20 1 5 11 3 2 10 16 15 17 
18 9 2 5 4 20 12 7 8 3 19 15 10 13 16 6 17 14 11 1 
19 10 4 18 17 1 14 2 11 7 8 12 6 15 20 9 5 3 13 16 
5 16 17 2 6 3 19 15 10 13 4 7 1 18 14 20 12 11 9 8 
17 14 5 8 6 3 9 4 7 1 18 15 11 20 10 19 12 13 16 2 
15 2 9 11 13 5 19 18 16 14 17 7 3 20 12 1 10 6 4 8 
1 4 15 5 7 2 20 3 19 14 8 12 11 6 13 9 18 10 17 16 
7 18 10 12 11 19 1 4 14 13 2 6 20 15 3 16 5 9 8 17 
15 10 17 5 8 14 13 7 16 3 4 18 20 12 11 9 19 2 6 1 
8 11 10 4 5 14 20 15 17 9 16 19 3 2 13 7 1 6 12 18 
18 15 10 11 17 5 8 1 6 7 13 19 9 14 3 2 20 4 12 16 
17 9 19 8 18 15 7 14 16 1 20 11 4 6 10 2 3 13 5 12 
14 3 17 8 2 9 5 10 12 16 6 4 13 19 18 15 1 11 20 7 
8 7 6 19 16 5 20 14 3 15 12 1 10 2 4 9 18 11 17 13 
5 1 17 6 4 9 10 15 7 12 16 2 8 13 20 11 18 3 19 14 
9 14 10 11 6 18 17 3 13 2 16 20 4 5 12 19 15 1 8 7 
13 14 20 1 11 17 4 12 18 2 19 7 5 15 9 10 8 3 6 16 
11 5 12 2 17 13 16 18 19 10 7 9 1 3 15 14 8 4 20 6 

20
Marylin
Guillermo 
Reyes
Felix 
Humberto
Crystal
Darla
Shaun
Tiffany
Jonathan
Julia 
Yi
Nora
Lance
Scott
Ruth
Tory
Daryl
Kate
Richard
17 1 19 18 15 12 14 11 7 20 5 4 2 10 6 13 8 9 3 16 
18 3 8 4 1 2 12 15 5 7 17 14 20 19 13 10 11 16 9 6 
4 3 18 9 8 1 13 6 12 17 19 7 15 16 20 10 2 11 5 14 
1 5 3 17 4 12 19 15 11 18 7 2 9 10 20 13 14 8 6 16 
12 8 11 7 5 18 17 4 14 10 9 15 19 3 16 20 6 1 2 13 
7 3 19 9 5 20 8 6 18 12 4 11 13 2 15 1 17 10 16 14 
13 1 14 6 19 20 9 12 10 15 5 11 2 18 3 7 17 8 4 16 
16 13 1 20 3 19 4 7 8 14 9 6 10 12 5 18 11 2 17 15 
3 13 16 17 12 4 14 15 19 10 6 20 11 18 7 8 9 1 2 5 
3 11 1 5 6 14 7 9 18 10 16 12 20 8 13 19 2 4 17 15 
4 9 14 16 3 2 20 1 7 18 17 6 12 13 8 11 10 19 5 15 
19 5 14 1 7 3 11 15 10 13 12 4 17 2 6 20 16 8 18 9 
1 13 14 10 5 6 7 9 8 12 18 20 3 19 16 17 2 4 15 11 
17 19 7 2 13 9 5 14 16 1 10 15 6 18 12 3 4 8 20 11 
8 16 17 6 19 15 20 18 10 7 9 1 12 5 13 14 11 4 2 3 

20
Marylin
Guillermo 
Reyes
Felix 
Humberto
Crystal
Darla
Shaun
Tiffany
Jonathan
Julia 
Yi
Nora
Lance
Scott
Ruth
Tory
Daryl
Kate
Richard
12 20 7 8 4 14 11 19 6 5 2 10 18 1 13 16 17 9 3 15 
7 15 16 19 17 3 9 20 10 18 13 8 5 12 2 6 11 4 14 1 
15 3 9 17 8 18 16 11 13 14 6 4 10 7 2 20 12 1 19 5 
6 18 2 17 15 12 7 16 3 13 19 14 5 11 9 20 8 4 1 10 
14 8 19 16 1 11 3 9 12 4 6 20 10 15 5 17 18 2 13 7 
2 19 20 5 12 13 14 9 10 17 16 15 11 7 1 8 3 4 6 18 
2 9 14 6 3 10 4 13 5 20 1 19 12 15 8 11 7 18 17 16 
20 18 19 6 10 11 4 8 17 7 13 5 1 3 2 15 9 16 12 14 

20
Marylin
Guillermo 
Reyes
Felix 
Humberto
Crystal
Darla
Shaun
Tiffany
Jonathan
Julia 
Yi
Nora
Lance
Scott
Ruth
Tory
Daryl
Kate
Richard
3 4 11 12 16 19 2 20 7 13 15 5 8 6 17 1 14 18 9 10 
11 7 15 12 18 6 4 20 3 14 5 17 9 1 13 16 10 2 19 8 
16 10 11 8 7 19 15 18 2 1 5 9 3 12 20 4 17 14 6 13 
16 10 17 14 5 7 2 18 6 8 13 3 11 20 1 9 4 15 19 12 
18 13 15 14 4 6 16 19 7 17 12 9 2 20 10 3 8 1 5 11 
19 5 14 20 10 9 17 3 13 6 2 15 11 4 18 8 12 7 1 16 
2 3 5 7 11 9 10 16 18 14 4 17 19 13 20 12 1 6 8 15 
10 7 8 18 11 14 15 1 16 5 17 20 19 2 12 6 9 4 3 13 
4 19 7 6 13 5 8 12 18 11 2 17 10 20 1 16 14 9 15 3 
15 5 19 14 3 13 18 7 2 16 10 6 17 8 11 12 20 4 9 1 
18 4 19 7 11 14 2 17 10 5 16 9 8 3 13 12 6 20 1 15 
14 2 20 3 1 8 16 19 6 12 17 7 18 4 10 11 5 15 9 13 
8 10 14 17 18 15 1 4 12 20 16 6 3 9 5 13 19 7 11 2 
7 8 2 10 15 19 17 20 16 4 12 3 1 18 13 5 11 6 14 9 
9 12 6 15 20 7 14 10 13 3 16 1 8 11 2 17 18 4 19 5 
11 18 16 17 1 15 13 20 2 7 3 19 8 12 6 14 10 5 4 9 
17 1 4 18 5 20 8 13 10 9 15 11 3 19 16 12 7 14 6 2 
5 20 19 2 16 1 7 10 13 17 14 15 4 8 12 9 18 11 3 6 
20 6 8 16 5 1 17 9 13 15 14 18 7 2 11 19 10 4 12 3 
17 12 4 1 11 5 18 14 10 2 6 15 19 13 9 7 20 16 8 3 
14 2 1 12 11 9 13 8 7 15 19 5 10 3 20 18 6 4 17 16 
18 13 9 8 17 19 2 12 3 7 4 20 11 10 15 6 1 14 16 5 
5 16 7 20 15 17 1 14 2 19 11 12 10 8 18 9 6 3 13 4 
7 6 17 11 20 4 16 8 13 1 9 10 3 19 14 5 15 12 2 18 
12 7 13 3 1 5 20 2 9 19 4 6 16 11 10 8 14 15 17 18 
6 16 18 8 3 20 13 4 7 10 19 9 15 11 1 2 5 17 12 14 
6 5 1 10 7 12 2 20 8 18 13 4 19 14 9 11 16 17 15 3 
10 12 7 5 3 1 2 8 11 17 4 13 14 6 20 9 16 18 19 15 
10 13 12 17 6 5 2 7 19 18 9 4 20 3 11 16 1 14 15 8 
7 15 14 13 12 3 5 9 1 16 10 18 2 19 11 17 6 4 20 8 
15 16 9 20 1 17 7 4 2 19 3 18 10 5 11 13 6 8 12 14 
16 6 2 8 17 19 1 11 13 20 18 3 10 14 12 4 7 5 15 9 
1 7 14 6 19 10 2 9 5 12 15 18 17 4 11 20 13 16 8 3 
6 3 8 7 11 4 5 1 16 12 19 13 15 2 20 14 17 9 10 18 
12 17 15 9 4 7 18 10 1 16 14 19 13 11 2 6 8 20 5 3 
9 11 18 19 7 4 14 10 20 1 12 6 5 16 2 8 15 3 17 13 
4 14 8 15 18 7 9 17 16 12 6 13 20 5 11 2 10 19 1 3 
18 9 2 12 19 4 20 11 1 16 7 13 8 15 17 14 5 6 3 10 

20
Marylin
Guillermo 
Reyes
Felix 
Humberto
Crystal
Darla
Shaun
Tiffany
Jonathan
Julia 
Yi
Nora
Lance
Scott
Ruth
Tory
Daryl
Kate
Richard
1 2 19 8 10 13 5 9 17 18 20 16 12 4 11 7 6 3 14 15 
10 15 1 19 9 18 2 8 4 5 7 11 16 6 20 12 3 13 14 17 
3 7 19 9 14 12 17 20 1 4 5 10 8 6 18 15 13 16 2 11 
1 13 6 4 12 18 10 7 2 5 17 3 9 16 8 14 19 15 11 20 
10 20 5 12 7 18 13 8 16 4 15 17 2 14 11 3 1 19 6 9 
2 8 1 7 12 20 4 6 16 3 18 19 17 11 13 5 9 14 15 10 
18 3 20 8 2 19 12 1 14 10 9 17 5 16 4 15 7 11 6 13 
15 3 14 2 13 4 19 12 1 7 18 6 11 16 5 17 20 9 8 10 
6 18 11 13 4 3 19 8 5 2 1 9 7 15 14 20 10 17 12 16 
5 12 16 17 4 2 1 19 18 9 8 14 3 6 7 13 10 20 15 11 
10 9 13 8 12 15 7 17 5 16 3 4 19 14 18 11 20 2 1 6 
2 16 19 1 10 9 12 20 17 11 6 8 13 3 14 15 4 7 5 18 
4 19 16 14 9 8 18 17 5 12 15 13 1 11 3 2 10 20 6 7 
3 9 19 1 4 7 13 8 11 17 2 12 10 5 14 15 16 18 6 20 
8 5 6 19 15 13 16 1 14 10 4 2 9 3 18 20 11 12 17 7 
3 14 15 12 20 19 5 13 18 11 16 8 2 7 4 6 1 17 10 9 
6 2 13 5 10 14 12 11 17 19 7 15 9 3 1 4 20 18 8 16 
18 17 1 7 2 10 4 16 9 20 19 11 3 13 8 12 14 15 6 5 
17 14 16 19 9 12 5 6 10 11 15 2 8 20 4 18 1 13 7 3 
9 17 19 3 4 15 20 10 5 13 16 11 1 6 2 12 14 18 7 8 
7 2 3 14 11 20 5 19 6 15 17 16 13 8 12 9 18 1 4 10 
12 2 3 5 1 13 4 14 6 18 9 20 16 10 19 8 17 7 11 15 
3 1 7 13 20 11 2 17 16 10 12 14 19 9 6 18 8 5 4 15 
18 11 12 20 4 15 14 8 3 13 2 6 7 10 19 17 16 5 9 1 
1 2 7 8 4 16 19 5 14 12 17 15 20 9 13 18 10 3 11 6 
4 1 2 13 16 14 19 17 18 7 3 9 5 6 8 20 11 15 12 10 
9 14 16 13 8 11 1 7 3 2 15 6 18 10 17 19 12 20 4 5 
20 8 9 12 17 15 14 1 2 11 10 19 5 4 3 6 7 18 13 16 
2 12 1 7 9 18 15 13 17 14 5 8 16 20 11 10 4 6 3 19 
10 18 3 13 20 11 15 17 4 16 7 9 8 19 6 14 12 2 5 1 
9 14 16 19 7 3 13 6 1 11 4 2 5 17 10 12 18 20 15 8 
14 13 6 18 20 15 17 12 19 10 3 16 9 7 11 4 5 8 1 2 
16 4 2 17 18 12 11 19 13 3 10 5 8 15 14 1 6 9 7 20 
13 11 1 20 3 2 12 7 16 19 10 18 4 17 8 5 9 14 6 15 
13 16 11 14 15 7 17 5 8 10 2 1 3 19 20 9 18 6 12 4 
8 17 10 13 6 15 14 16 4 2 5 7 18 20 19 3 12 11 1 9 
3 2 19 18 17 4 1 10 15 12 13 8 7 20 16 14 11 9 5 6 
3 18 14 1 20 7 6 12 8 17 9 11 16 19 5 2 15 4 10 13 
6 15 19 3 17 8 11 18 13 4 7 9 14 2 5 12 16 20 10 1 
2 19 4 16 17 7 8 15 12 1 10 3 18 11 14 9 6 20 5 13 
13 8 14 17 10 7 2 3 20 4 6 16 5 19 1 18 9 12 11 15 
20 10 6 9 19 2 14 7 16 3 5 17 18 4 8 15 1 11 13 12 
16 15 10 1 11 20 8 6 12 14 3 13 18 17 2 5 19 4 7 9 

20
Marylin
Guillermo 
Reyes
Felix 
Humberto
Crystal
Darla
Shaun
Tiffany
Jonathan
Julia 
Yi
Nora
Lance
Scott
Ruth
Tory
Daryl
Kate
Richard
14 19 11 15 1 16 12 8 17 20 10 13 9 18 3 4 6 7 2 5 
19 14 5 4 16 12 2 11 15 17 1 3 20 9 8 6 13 10 7 18 
18 15 7 9 13 10 12 4 19 2 8 6 5 14 1 17 3 16 11 20 
13 19 6 7 10 5 16 17 4 9 14 11 1 15 18 2 3 8 20 12 
16 10 6 2 7 12 3 9 17 14 4 1 8 5 20 19 13 18 15 11 
17 6 14 16 1 5 15 8 2 3 12 19 13 4 20 7 9 10 18 11 
9 16 20 17 4 3 19 5 1 13 12 14 18 7 10 8 6 15 2 11 
6 16 17 19 3 7 4 2 12 8 1 5 20 13 11 9 10 14 18 15 
1 12 4 3 17 18 11 2 16 10 20 7 19 8 14 13 9 5 15 6 
1 2 13 8 20 6 10 16 19 9 18 7 4 11 15 12 5 14 3 17 
16 15 3 19 7 12 9 11 10 8 13 6 5 1 20 18 14 2 4 17 
9 7 6 11 14 15 1 5 13 3 17 18 8 10 4 2 12 16 20 19 
20 5 10 1 4 18 8 16 12 19 11 7 9 15 2 6 3 13 17 14 
20 14 10 19 2 18 15 8 4 9 17 13 5 16 12 7 11 3 6 1 
11 4 15 3 14 13 17 12 19 5 16 2 1 6 7 8 20 9 18 10 
6 4 20 10 13 5 7 8 12 1 9 16 3 19 17 15 14 11 2 18 
15 3 1 13 4 6 12 7 10 8 5 16 20 17 14 2 18 11 9 19 

20
Marylin
Guillermo 
Reyes
Felix 
Humberto
Crystal
Darla
Shaun
Tiffany
Jonathan
Julia 
Yi
Nora
Lance
Scott
Ruth
Tory
Daryl
Kate
Richard
9 18 14 5 1 6 15 20 10 12 8 7 16 11 19 13 2 4 3 17 
15 7 13 5 9 1 17 12 16 6 3 19 8 18 10 14 11 4 2 20 
16 8 2 5 15 20 14 9 7 3 12 13 10 17 19 1 11 18 6 4 
4 7 15 16 9 18 6 14 19 11 3 10 12 5 20 8 1 2 17 13 
11 1 4 9 17 2 16 7 15 10 5 6 12 18 19 20 14 13 8 3 
20 19 3 5 7 10 13 6 9 15 18 2 12 8 17 11 1 4 14 16 
18 20 2 6 15 4 19 9 3 11 10 1 17 12 16 8 14 5 13 7 
7 16 1 2 13 19 8 4 9 11 18 6 15 3 14 20 5 17 10 12 
14 5 6 9 16 12 8 4 20 17 18 7 1 19 11 3 2 10 13 15 
3 19 1 11 2 18 7 16 9 5 20 17 8 10 13 4 15 6 14 12 
11 7 15 14 19 10 20 6 17 2 4 12 16 1 8 3 5 13 9 18 
14 8 1 20 3 19 18 11 5 7 2 13 12 10 6 16 9 15 17 4 
11 10 6 5 12 8 1 13 16 2 17 14 18 3 7 20 9 19 15 4 
20 12 13 7 18 3 11 16 4 19 2 17 1 8 5 6 9 14 10 15 
11 5 1 4 20 14 17 16 8 3 2 10 12 9 19 13 7 18 6 15 
14 10 11 8 2 13 4 20 3 12 18 6 17 19 1 16 7 9 5 15 
19 16 1 6 5 14 15 7 9 12 10 17 20 2 13 18 3 8 4 11 

20
Marylin
Guillermo 
Reyes
Felix 
Humberto
Crystal
Darla
Shaun
Tiffany
Jonathan
Julia 
Yi
Nora
Lance
Scott
Ruth
Tory
Daryl
Kate
Richard
12 2 17 15 6 14 11 19 4 13 20 16 9 8 18 3 10 7 1 5 
6 19 15 14 13 3 2 20 1 9 7 10 12 5 16 8 18 11 4 17 
4 20 8 16 3 17 11 18 2 6 9 10 12 15 14 7 13 19 5 1 
19 1 18 11 5 14 17 15 13 10 16 20 4 6 8 2 7 3 12 9 
11 7 5 9 6 20 8 4 16 18 15 2 14 1 17 3 19 12 10 13 
15 11 18 9 10 2 20 7 4 16 5 14 17 1 13 8 3 12 6 19 
3 5 15 2 10 7 14 16 6 1 18 19 17 12 13 8 20 4 9 11 
12 4 19 1 16 9 18 20 7 15 2 3 17 13 6 11 14 10 5 8 
4 9 3 18 7 5 17 13 14 11 15 20 19 16 10 1 12 2 6 8 

